[mike001.jpg]
moddate=2abddb994b41d901
width=720
height=1280
text=1;126;4;MIKE;Bell MT;0.286929,0.640792,0.100000,6.283185;v1,4293454056,4293454056,128.000000,1.000000,0.500000,1.000000,400,2,49152;;
textactive=1
